$ANSIBLE_VAULT;1.1;AES256
32326335336634316463303065353731383633626361343563323032386430373830373934366237
3765333763376332363533303262633333343763353164310a663035393638623065343132616339
64653763333135313433313434666137346365316564376363356132626532373137623065363839
3130333831303662310a626461333063663937343631356465666663336239613366323034386263
39336366656438623432663862356534646161323365386266356536383430373237313532366261
38613933623930313337333633353237626334366430396630313564653238313361396533313533
65653932623464333265343261326563656238633838363536323832323435336231343665343735
36653762653236366234333333643261323662343035646162346539353866343163363031656139
63346330373161363237643432366632633165343862313866656563373336343134613762636534
30646132333439393237653039333034303131643538666136343861366561346632346632616230
64653331393964636561376430376630336531343662636532303031353838366161643566633462
32323761336666613262393839663931343366643836303965663964363634343938616231643434
65643261323461396631653166656632636430366239666466653031666166383831393761303635
6137366330653032323437373536363639306337613235613735
