$ANSIBLE_VAULT;1.1;AES256
61333364616631306639343130303262613337313934623265663065336663613139613433613061
3438646564613962376538336264343039396135613433610a393635623436373436363036396562
32656439396663666236666233613532643635646265363735336561626333613565636163353962
6136626532623636390a633835623835643638323639666634336337376435316137363262323736
66323433386666663836353530646432303763613433333463396665303830383533363739663036
39623061386337353238643733613537336563306634353030636130343532306337626661333763
37623331656663303039653436616234616433623838316635303032353938303238386534323238
61343239653237333534363163643733366130363234333235636164373065323935666431633434
31313561613939346335643730623032633030333139326538656532393339366133366636373536
36663439656466616539333034333264663233306162353237643230653461616633646333356261
63396363623566613036613137613037306161653036316563363261633434373661623732623531
30613730363438393437616262366635363164356338613735633632626561373239643561616137
31623866363636663764363331626633393230316434323338653536353064653366633138393461
3835636336303337656238323735336465393732376263646136
